- parameters:
    - EG_RESOLUTION_ALL
    - EG_SCALE_ALL
    - EL_SF_ID
    - EL_SF_Isol
    - EL_SF_Reco
    - EL_SF_Trigger
    - GlobalReduction_JET_BJES_Response
    - GlobalReduction_JET_EffectiveNP_1
    - GlobalReduction_JET_EffectiveNP_2
    - GlobalReduction_JET_EffectiveNP_3
    - GlobalReduction_JET_EffectiveNP_4
    - GlobalReduction_JET_EffectiveNP_5
    - GlobalReduction_JET_EffectiveNP_6
    - GlobalReduction_JET_EffectiveNP_7
    - GlobalReduction_JET_EffectiveNP_8restTerm
    - GlobalReduction_JET_EtaIntercalibration_Modelling
    - GlobalReduction_JET_EtaIntercalibration_NonClosure_2018data
    - GlobalReduction_JET_EtaIntercalibration_NonClosure_negEta
    - GlobalReduction_JET_EtaIntercalibration_NonClosure_posEta
    - GlobalReduction_JET_EtaIntercalibration_TotalStat
    - GlobalReduction_JET_Flavor_Composition
    - GlobalReduction_JET_JER_DataVsMC_AFII
    - GlobalReduction_JET_JER_DataVsMC_MC16
    - GlobalReduction_JET_JER_EffectiveNP_1
    - GlobalReduction_JET_JER_EffectiveNP_2
    - GlobalReduction_JET_JER_EffectiveNP_3
    - GlobalReduction_JET_JER_EffectiveNP_4
    - GlobalReduction_JET_JER_EffectiveNP_5
    - GlobalReduction_JET_JER_EffectiveNP_6
    - GlobalReduction_JET_JER_EffectiveNP_7restTerm
    - GlobalReduction_JET_Pileup_OffsetMu
    - GlobalReduction_JET_Pileup_OffsetNPV
    - GlobalReduction_JET_Pileup_PtTerm
    - GlobalReduction_JET_Pileup_RhoTopology
    - GlobalReduction_JET_RelativeNonClosure_AFII
    - MET_SoftTrk_ResoPara
    - MET_SoftTrk_ResoPerp
    - MET_SoftTrk_Scale
    - MUON_ID
    - MUON_MS
    - MUON_SCALE
    - MU_SF_ID_STAT
    - MU_SF_ID_SYST
    - MU_SF_Isol_STAT
    - MU_SF_Isol_SYST
    - MU_SF_TTVA_STAT
    - MU_SF_TTVA_SYST
    - MU_SF_Trigger_STAT
    - MU_SF_Trigger_SYST
    - OtherFakesNorm
    - OtherNorm
    - VVHF_1_Jet
    - VVHF_2_Jet
    - VVHF_3_Jet
    - VVHF_4_Jet
    - VVHF_5_Jet
    - VVHFgen
    - VVHFnorm
    - VVLF_1_Jet
    - VVLF_2_Jet
    - VVLF_3_Jet
    - VVLF_4_Jet
    - VVLF_5_Jet
    - VVLFgen
    - VVLFnorm
    - WtZmod
    - bTagSF_eigenvars_B_0
    - bTagSF_eigenvars_B_1
    - bTagSF_eigenvars_B_2
    - bTagSF_eigenvars_B_3
    - bTagSF_eigenvars_B_4
    - bTagSF_eigenvars_B_5
    - bTagSF_eigenvars_C_0
    - bTagSF_eigenvars_C_1
    - bTagSF_eigenvars_C_2
    - bTagSF_eigenvars_C_3
    - bTagSF_eigenvars_Light_0
    - bTagSF_eigenvars_Light_1
    - bTagSF_eigenvars_Light_2
    - bTagSF_eigenvars_Light_3
    - jvt
    - lumi
    - pileup
    - signalMuRMuF
    - tWZnorm
    - tZnorm
    - tZrad
    - ttHnorm
    - ttWnorm
    - ttZgen
    - ttZmuRmuF
    - ttZnorm
    - ttZrad
    - ttbarA14
    - ttbarBottomMeson
    - ttbarFSR
    - ttbarPDF
    - ttbarPS
    - ttbarPhotConv
    - ttbarXsec
    - ttbarhdamp
    - stat_SBCR1_bin_0
    - stat_SBCR1_bin_1
    - stat_SBCR1_bin_2
    - stat_SBCR1_bin_3
    - stat_SBCR1_bin_4
    - stat_SBCR1_bin_5
    - stat_SBCR1_bin_6
    - stat_SBCR1_bin_7
    - stat_SBCR2_bin_0
    - stat_SBCR2_bin_1
    - stat_SBCR2_bin_2
    - stat_SBCR2_bin_3
    - stat_SBCR2_bin_4
    - stat_SBCR2_bin_5
    - stat_SBCR2_bin_6
    - stat_SBCR2_bin_7
    - stat_TTCR_bin_0
    - stat_TTCR_bin_1
    - stat_TTCR_bin_2
    - stat_TTCR_bin_3
    - stat_TTCR_bin_4
    - stat_TTCR_bin_5
    - stat_TTCR_bin_6
    - stat_TTCR_bin_7
    - stat_TTZCR_bin_0
    - stat_TTZCR_bin_1
    - stat_TTZCR_bin_2
    - stat_TTZCR_bin_3
    - stat_TTZCR_bin_4
    - stat_TTZCR_bin_5
    - stat_TTZCR_bin_6
    - stat_TTZCR_bin_7
    - mu_ttbar_Wt
- correlation_rows:
    - [1.0000, 0.0003, -0.0007, -0.0002, 0.0000, 0.0000, -0.0009, 0.0017, 0.0001, -0.0000, -0.0001, -0.0006, -0.0009, 0.0008, -0.0007, -0.0003, 0.0020, 0.0002, 0.0001, -0.0010, -0.0027, -0.0000, -0.0021, 0.0043, -0.0030, 0.0017, 0.0012, 0.0055, 0.0034, 0.0011, -0.0003, -0.0018, 0.0008, 0.0003, -0.0000, 0.0025, -0.0019, -0.0009, -0.0009, -0.0001, -0.0000, -0.0000, 0.0000, -0.0000, -0.0016, -0.0000, 0.0000, -0.0000, 0.0000, 0.0027, 0.0018, -0.0198, 0.0021, 0.0063, 0.0048, 0.0032, -0.0009, -0.0147, -0.0057, -0.0001, 0.0012, 0.0007, 0.0005, 0.0002, -0.0039, 0.0025, 0.0021, -0.0001, -0.0000, 0.0000, -0.0000, 0.0000, 0.0044, -0.0014, -0.0000, -0.0000, 0.0019, -0.0015, -0.0003, -0.0001, 0.0004, -0.0005, 0.0030, -0.0000, 0.0020, -0.0014, 0.0007, 0.0003, 0.0018, 0.0000, 0.0001, 0.0028, 0.0003, 0.0005, -0.0001, -0.0014, -0.0006, 0.0002, 0.0009, -0.0000, 0.0033, 0.0003, 0.0005, 0.0006, 0.0002, 0.0005, -0.0004, -0.0008, -0.0018, -0.0079, -0.0016, -0.0004, -0.0001, -0.0015, 0.0029, -0.0002, 0.0020, 0.0014, 0.0000, -0.0012, -0.0016, -0.0017, -0.0005, 0.0017, 0.0023, -0.0000, -0.0000, -0.0000, -0.0000, -0.0000, -0.0000, -0.0000, -0.0000, -0.0010]
    - [0.0003, 1.0000, 0.0001, -0.0008, 0.0000, 0.0000, -0.0001, -0.0008, -0.0005, -0.0009, 0.0003, -0.0003, 0.0004, -0.0002, 0.0001, 0.0001, 0.0001, -0.0000, -0.0000, 0.0005, 0.0021, 0.0000, 0.0014, -0.0004, 0.0014, -0.0003, -0.0016, -0.0026, -0.0025, -0.0002, 0.0005, 0.0009, -0.0003, -0.0006, 0.0000, -0.0034, -0.0000, 0.0003, -0.0000, 0.0000, 0.0000, 0.0000, -0.0000, -0.0000, 0.0018, 0.0000, -0.0000, -0.0000, -0.0000, -0.0005, -0.0015, 0.0116, -0.0047, -0.0040, -0.0023, -0.0019, 0.0029, 0.0063, 0.0010, -0.0006, -0.0007, -0.0004, -0.0003, -0.0038, -0.0000, -0.0023, -0.0023, 0.0001, 0.0000, 0.0000, -0.0000, 0.0000, -0.0028, 0.0015, -0.0000, 0.0000, 0.0005, 0.0012, 0.0005, 0.0002, -0.0002, -0.0001, -0.0021, 0.0000, -0.0018, 0.0012, -0.0006, -0.0007, -0.0029, 0.0004, 0.0003, -0.0002, 0.0010, -0.0002, 0.0003, 0.0028, 0.0005, 0.0008, -0.0014, 0.0000, 0.0003, -0.0002, -0.0003, -0.0002, -0.0002, -0.0001, 0.0000, 0.0001, 0.0004, 0.0052, 0.0016, 0.0018, 0.0019, 0.0027, -0.0019, -0.0019, -0.0044, -0.0001, 0.0003, 0.0004, 0.0004, 0.0002, 0.0000, -0.0007, -0.0019, 0.0003, 0.0003, 0.0002, 0.0002, 0.0000, -0.0000, -0.0001, -0.0003, 0.0018]
    - [-0.0007, 0.0001, 1.0000, -0.0151, 0.0000, 0.0000, -0.0006, -0.0055, 0.0027, 0.0028, 0.0020, -0.0007, 0.0018, -0.0003, 0.0015, -0.0011, -0.0005, 0.0002, -0.0004, -0.0002, -0.0070, 0.0000, -0.0041, 0.0006, -0.0009, 0.0025, -0.0047, 0.0040, 0.0041, -0.0035, -0.0051, -0.0017, 0.0022, -0.0120, 0.0000, -0.0021, 0.0001, -0.0032, 0.0017, -0.0014, -0.0016, -0.0000, 0.0000, -0.0000, -0.0153, -0.0000, 0.0000, -0.0000, 0.0000, -0.0164, -0.0062, -0.0320, -0.0007, 0.0052, -0.0100, -0.0108, -0.0343, -0.0505, -0.0049, 0.0002, 0.0011, 0.0013, 0.0010, 0.0002, -0.0027, -0.0197, 0.0172, 0.0004, -0.0000, 0.0000, -0.0000, 0.0000, 0.0060, -0.0009, -0.0000, -0.0000, 0.0023, -0.0005, -0.0003, -0.0001, 0.0001, -0.0137, 0.0056, 0.0000, -0.0130, -0.0071, 0.0053, -0.0026, -0.0054, 0.0020, -0.0043, -0.0776, -0.0108, -0.0004, -0.0007, 0.0004, 0.0005, -0.0030, 0.0026, 0.0000, -0.0060, 0.0007, 0.0004, 0.0007, 0.0002, -0.0002, -0.0001, -0.0012, -0.0011, -0.0053, -0.0018, 0.0007, 0.0002, -0.0031, -0.0006, -0.0002, -0.0017, -0.0035, 0.0016, 0.0015, 0.0028, 0.0015, 0.0002, 0.0002, -0.0045, -0.0008, -0.0006, -0.0005, -0.0008, -0.0009, -0.0007, -0.0015, -0.0038, -0.1240]
    - [-0.0002, -0.0008, -0.0151, 1.0000, 0.0000, 0.0000, -0.0020, -0.0073, 0.0006, -0.0001, 0.0014, -0.0012, 0.0002, 0.0004, 0.0002, -0.0023, 0.0015, 0.0002, -0.0001, -0.0002, -0.0168, -0.0000, -0.0030, 0.0021, -0.0025, 0.0002, -0.0032, 0.0040, 0.0018, -0.0032, -0.0024, -0.0039, 0.0010, -0.0224, -0.0000, -0.0050, -0.0053, -0.0022, -0.0002, -0.0007, 0.0003, 0.0000, 0.0000, -0.0001, -0.0191, 0.0000, 0.0000, -0.0000, 0.0000, -0.0058, -0.0124, -0.0403, -0.0015, 0.0046, -0.0151, -0.0124, -0.0445, -0.0661, -0.0029, 0.0003, 0.0012, 0.0013, 0.0012, 0.0005, -0.0009, -0.0219, 0.0215, 0.0008, -0.0000, 0.0000, 0.0000, 0.0000, 0.0069, -0.0005, -0.0000, -0.0000, 0.0016, 0.0000, -0.0002, -0.0000, 0.0001, -0.0181, 0.0017, -0.0000, -0.0156, -0.0099, 0.0075, -0.0050, -0.0102, -0.0033, -0.0074, -0.1051, -0.0151, 0.0013, 0.0010, -0.0021, 0.0007, 0.0025, -0.0029, -0.0000, 0.0107, 0.0010, 0.0006, 0.0002, 0.0001, -0.0005, -0.0018, 0.0001, -0.0005, -0.0040, -0.0014, 0.0007, 0.0019, -0.0020, -0.0023, -0.0029, -0.0017, 0.0031, 0.0011, 0.0009, -0.0002, 0.0007, -0.0009, -0.0020, -0.0041, -0.0014, -0.0017, -0.0015, -0.0016, -0.0018, -0.0016, -0.0019, -0.0017, -0.1051]
    - [0.0000, 0.0000, 0.0000, 0.0000, 1.0000, 0.0000, 0.0000, -0.0000, -0.0000, -0.0000, -0.0000, 0.0000, -0.0000, -0.0000, -0.0000, -0.0000, -0.0000, -0.0000, 0.0000, 0.0000, 0.0000, 0.0000, 0.0001, 0.0000, 0.0001, 0.0001, 0.0001, 0.0000, 0.0000, 0.0001, 0.0000, 0.0000, -0.0000, 0.0000, 0.0000, 0.0001, 0.0001, 0.0000, 0.0000, 0.0000, 0.0000, -0.0000, -0.0000, 0.0000, -0.0000, -0.0000, -0.0000, -0.0000, 0.0000, 0.0001, 0.0000, -0.0000, -0.0001, 0.0000, 0.0000, 0.0000, -0.0000, -0.0001, 0.0000, 0.0000, 0.0000, 0.0000, 0.0000, 0.0001, 0.0000, 0.0000, -0.0000, 0.0000, -0.0000, 0.0000, -0.0000, 0.0000, -0.0000, -0.0000, -0.0000, -0.0000, -0.0000, -0.0000, -0.0000, -0.0000, 0.0000, 0.0000, 0.0000, 0.0000, -0.0000, -0.0000, 0.0000, -0.0000, 0.0000, -0.0000, 0.0000, -0.0000, 0.0000, -0.0000, -0.0000, -0.0000, -0.0000, 0.0000, 0.0000, 0.0000, -0.0000, 0.0000, 0.0000, 0.0000, 0.0000, -0.0001, 0.0001, -0.0001, 0.0001, -0.0000, 0.0000, 0.0000, 0.0000, 0.0000, -0.0000, 0.0000, 0.0000, -0.0000, 0.0000, 0.0000, 0.0000, 0.0000, 0.0000, 0.0000, -0.0000, -0.0000, -0.0000, -0.0000, -0.0000, -0.0000, -0.0000, 0.0000, 0.0000, -0.0000]
    - [0.0000, 0.0000, 0.0000, 0.0000, 0.0000, 1.0000, 0.0000, 0.0000, -0.0000, -0.0000, -0.0000, 0.0000, 0.0000, -0.0000, 0.0000, -0.0000, -0.0000, -0.0000, 0.0000, 0.0000, -0.0000, 0.0000, 0.0000, -0.0000, 0.0000, 0.0000, 0.0000, -0.0000, -0.0000, -0.0000, 0.0000, 0.0000, -0.0000, 0.0000, 0.0000, -0.0000, -0.0000, 0.0000, -0.0000, -0.0000, 0.0000, -0.0000, -0.0000, 0.0000, 0.0000, -0.0000, -0.0000, 0.0000, -0.0000, -0.0000, -0.0000, 0.0000, -0.0000, -0.0000, 0.0000, 0.0000, -0.0000, -0.0000, 0.0000, -0.0000, -0.0000, -0.0000, -0.0000, -0.0000, -0.0000, 0.0000, -0.0000, 0.0000, -0.0000, -0.0000, -0.0000, 0.0000, -0.0000, 0.0000, -0.0000, 0.0000, 0.0000, 0.0000, -0.0000, -0.0000, -0.0000, 0.0000, -0.0000, 0.0000, 0.0000, 0.0000, -0.0000, -0.0000, -0.0000, -0.0000, 0.0000, 0.0000, 0.0000, -0.0000, 0.0000, -0.0000, -0.0000, 0.0000, -0.0000, 0.0000, 0.0000, -0.0000, -0.0000, -0.0000, -0.0000, -0.0000, 0.0000, 0.0000, 0.0000, 0.0000, 0.0000, 0.0000, 0.0000, 0.0000, -0.0000, -0.0000, -0.0000, 0.0000, 0.0000, 0.0000, -0.0000, 0.0000, -0.0000, -0.0000, -0.0000, -0.0000, -0.0000, -0.0000, -0.0000, -0.0000, -0.0000, 0.0000, 0.0000, -0.0000]
    - [-0.0009, -0.0001, -0.0006, -0.0020, 0.0000, 0.0000, 1.0000, -0.0021, 0.0015, 0.0004, 0.0019, -0.0020, 0.0008, 0.0007, -0.0001, 0.0002, 0.0028, 0.0004, -0.0002, -0.0013, -0.0070, 0.0000, -0.0029, -0.0010, -0.0039, -0.0019, -0.0060, 0.0006, -0.0023, -0.0028, -0.0028, -0.0031, 0.0028, -0.0075, 0.0000, -0.0052, -0.0042, -0.0035, -0.0002, -0.0011, -0.0012, -0.0000, -0.0000, 0.0000, -0.0006, -0.0000, 0.0000, -0.0000, 0.0000, -0.0090, -0.0008, 0.0217, -0.0143, 0.0019, -0.0025, -0.0020, -0.0043, 0.0170, 0.0043, -0.0027, 0.0004, 0.0005, 0.0003, 0.0012, 0.0027, -0.0020, 0.0040, 0.0002, -0.0000, 0.0000, 0.0000, 0.0000, -0.0012, 0.0001, -0.0000, -0.0000, -0.0016, -0.0000, -0.0000, 0.0000, -0.0001, -0.0010, -0.0012, 0.0000, -0.0016, -0.0022, 0.0022, -0.0009, 0.0015, -0.0005, -0.0014, -0.0151, -0.0026, 0.0005, 0.0003, -0.0026, 0.0001, 0.0005, -0.0002, 0.0000, 0.0012, 0.0002, 0.0006, 0.0008, 0.0002, 0.0005, -0.0010, -0.0019, -0.0039, 0.0035, 0.0020, 0.0014, 0.0013, 0.0022, -0.0011, 0.0001, -0.0015, 0.0005, 0.0007, 0.0002, -0.0001, -0.0005, -0.0003, -0.0003, -0.0002, -0.0003, -0.0004, -0.0004, -0.0003, -0.0001, -0.0002, -0.0002, -0.0004, -0.0003]
    - [0.0017, -0.0008, -0.0055, -0.0073, -0.0000, 0.0000, -0.0021, 1.0000, -0.0030, -0.0029, -0.0023, 0.0007, -0.0024, 0.0004, -0.0017, -0.0028, 0.0005, -0.0002, 0.0005, 0.0002, -0.0216, 0.0000, 0.0052, 0.0006, -0.0005, -0.0013, 0.0058, 0.0008, 0.0002, 0.0048, 0.0046, -0.0032, -0.0024, -0.0234, 0.0000, 0.0043, 0.0007, 0.0036, -0.0019, 0.0012, 0.0012, 0.0000, 0.0000, 0.0000, -0.0090, 0.0000, -0.0000, 0.0000, -0.0000, 0.0192, -0.0010, 0.0188, 0.0039, -0.0011, -0.0174, -0.0124, -0.0256, 0.0091, 0.0053, 0.0011, -0.0001, -0.0004, -0.0002, 0.0045, 0.0047, -0.0152, 0.0142, 0.0005, 0.0000, -0.0000, -0.0000, -0.0000, -0.0007, -0.0005, 0.0000, 0.0000, -0.0023, -0.0002, -0.0001, -0.0000, 0.0002, -0.0067, -0.0006, 0.0000, -0.0104, -0.0037, 0.0033, -0.0023, 0.0001, 0.0001, -0.0054, -0.0706, -0.0129, 0.0001, 0.0009, -0.0033, 0.0001, 0.0012, -0.0027, 0.0000, -0.0010, 0.0000, -0.0003, -0.0003, -0.0003, -0.0003, 0.0001, 0.0008, 0.0018, -0.0038, 0.0026, 0.0026, 0.0025, -0.0003, 0.0031, 0.0001, 0.0019, -0.0004, -0.0002, -0.0004, -0.0000, 0.0000, 0.0003, 0.0003, 0.0004, -0.0013, -0.0015, -0.0014, -0.0014, -0.0011, -0.0011, -0.0010, -0.0009, 0.0066]
    - [0.0001, -0.0005, 0.0027, 0.0006, -0.0000, -0.0000, 0.0015, -0.0030, 1.0000, -0.0009, -0.0003, 0.0012, 0.0013, -0.0013, 0.0010, 0.0002, -0.0033, -0.0004, -0.0000, 0.0019, 0.0042, 0.0000, 0.0042, -0.0074, 0.0041, -0.0041, -0.0019, -0.0112, -0.0078, -0.0019, 0.0014, 0.0032, -0.0023, -0.0012, 0.0000, -0.0053, 0.0021, 0.0021, 0.0011, 0.0005, 0.0008, 0.0000, 0.0000, 0.0000, 0.0035, 0.0000, -0.0000, 0.0000, -0.0000, -0.0011, -0.0005, 0.0360, -0.0029, -0.0136, -0.0099, -0.0070, 0.0003, 0.0245, 0.0081, -0.0002, -0.0028, -0.0018, -0.0012, -0.0050, 0.0043, -0.0049, -0.0052, 0.0003, 0.0000, -0.0000, -0.0000, -0.0000, -0.0086, 0.0033, 0.0000, 0.0000, -0.0016, 0.0030, 0.0008, 0.0003, -0.0005, 0.0015, -0.0071, 0.0000, -0.0037, 0.0039, -0.0020, -0.0004, -0.0005, -0.0001, -0.0002, -0.0032, 0.0002, -0.0003, 0.0000, 0.0008, 0.0003, 0.0015, -0.0005, 0.0000, -0.0003, -0.0008, -0.0012, -0.0013, -0.0009, -0.0008, 0.0008, 0.0023, 0.0038, 0.0148, 0.0036, 0.0014, 0.0005, 0.0022, -0.0042, -0.0009, -0.0043, -0.0003, -0.0001, -0.0002, -0.0002, -0.0002, -0.0001, -0.0001, -0.0001, 0.0001, 0.0001, 0.0001, 0.0001, 0.0000, 0.0001, 0.0001, 0.0001, -0.0011]
    - [-0.0000, -0.0009, 0.0028, -0.0001, -0.0000, -0.0000, 0.0004, -0.0029, -0.0009, 1.0000, 0.0010, -0.0001, 0.0014, -0.0009, 0.0006, 0.0002, -0.0014, -0.0002, -0.0001, 0.0016, 0.0026, 0.0000, 0.0042, -0.0079, 0.0029, -0.0061, -0.0046, -0.0111, -0.0112, -0.0046, 0.0016, 0.0022, -0.0009, -0.0031, 0.0000, -0.0120, -0.0030, 0.0000, 0.0005, 0.0001, 0.0005, 0.0000, -0.0000, -0.0003, 0.0043, 0.0000, -0.0000, 0.0000, -0.0000, -0.0029, -0.0073, 0.0377, -0.0115, -0.0117, -0.0084, -0.0057, 0.0070, 0.0235, 0.0121, -0.0012, -0.0021, -0.0012, -0.0008, -0.0027, 0.0077, -0.0044, -0.0045, 0.0003, 0.0000, -0.0000, 0.0000, -0.0000, -0.0074, 0.0034, 0.0000, 0.0000, -0.0039, 0.0032, 0.0008, 0.0003, -0.0007, 0.0013, -0.0058, 0.0000, -0.0037, 0.0040, -0.0014, -0.0005, -0.0002, -0.0013, -0.0005, -0.0054, 0.0005, 0.0004, 0.0001, -0.0011, 0.0003, 0.0017, -0.0000, 0.0000, -0.0010, -0.0007, -0.0007, -0.0006, -0.0003, -0.0006, -0.0007, 0.0006, 0.0019, 0.0172, 0.0059, 0.0045, 0.0044, 0.0004, -0.0084, -0.0016, -0.0057, -0.0003, -0.0001, -0.0004, -0.0002, -0.0002, -0.0001, -0.0002, -0.0001, 0.0000, 0.0000, 0.0000, 0.0000, 0.0000, 0.0000, 0.0001, 0.0000, -0.0003]
    - [-0.0001, 0.0003, 0.0020, 0.0014, -0.0000, -0.0000, 0.0019, -0.0023, -0.0003, 0.0010, 1.0000, 0.0019, 0.0012, -0.0015, 0.0011, 0.0006, -0.0045, -0.0005, -0.0001, 0.0017, 0.0051, 0.0000, 0.0040, -0.0046, 0.0065, 0.0008, 0.0020, -0.0070, -0.0010, 0.0014, 0.0006, 0.0034, -0.0020, 0.0011, 0.0000, 0.0013, 0.0068, 0.0027, 0.0018, 0.0004, 0.0005, 0.0000, 0.0000, 0.0002, 0.0017, 0.0000, -0.0000, 0.0000, -0.0000, -0.0018, 0.0047, 0.0195, 0.0050, -0.0074, -0.0070, -0.0046, 0.0009, 0.0164, 0.0065, 0.0017, -0.0013, -0.0009, -0.0005, 0.0019, 0.0052, -0.0031, -0.0018, 0.0001, 0.0001, -0.0000, 0.0000, -0.0000, -0.0056, 0.0014, 0.0000, 0.0000, -0.0025, 0.0015, 0.0003, 0.0001, -0.0005, 0.0012, -0.0057, 0.0000, -0.0021, 0.0032, -0.0019, -0.0003, -0.0005, 0.0007, -0.0001, -0.0038, -0.0009, -0.0001, 0.0000, 0.0006, 0.0002, 0.0012, -0.0000, 0.0000, 0.0003, -0.0004, -0.0008, -0.0011, -0.0004, -0.0011, 0.0015, 0.0018, 0.0042, 0.0061, 0.0009, 0.0003, 0.0003, 0.0023, -0.0031, 0.0012, -0.0013, -0.0002, -0.0000, -0.0001, -0.0001, -0.0001, -0.0000, -0.0000, -0.0001, -0.0000, -0.0000, -0.0000, -0.0000, -0.0000, -0.0000, 0.0000, 0.0000, -0.0015]
    - [-0.0006, -0.0003, -0.0007, -0.0012, 0.0000, 0.0000, -0.0020, 0.0007, 0.0012, -0.0001, 0.0019, 1.0000, 0.0002, 0.0012, -0.0005, 0.0005, 0.0042, 0.0005, -0.0001, -0.0015, -0.0039, 0.0000, -0.0043, 0.0023, -0.0059, -0.0012, -0.0065, 0.0028, -0.0016, -0.0027, -0.0024, -0.0030, 0.0030, -0.0026, 0.0000, -0.0055, -0.0064, -0.0037, -0.0011, -0.0010, -0.0015, -0.0000, -0.0000, -0.0000, 0.0001, -0.0000, 0.0000, -0.0000, 0.0000, -0.0066, -0.0000, 0.0037, -0.0142, 0.0035, 0.0042, 0.0027, 0.0012, 0.0014, -0.0012, -0.0031, 0.0006, 0.0005, 0.0003, -0.0030, -0.0020, 0.0016, 0.0008, 0.0000, -0.0001, 0.0000, -0.0000, 0.0000, 0.0010, -0.0001, -0.0000, -0.0000, 0.0009, -0.0002, -0.0000, 0.0000, 0.0002, -0.0005, 0.0016, 0.0000, 0.0007, -0.0018, 0.0018, 0.0000, 0.0001, -0.0011, -0.0003, 0.0005, 0.0008, 0.0001, -0.0001, -0.0006, -0.0001, -0.0007, 0.0002, 0.0000, -0.0007, 0.0001, 0.0008, 0.0011, 0.0004, 0.0008, -0.0010, -0.0025, -0.0049, 0.0026, 0.0011, 0.0007, 0.0003, -0.0003, -0.0003, -0.0012, -0.0012, 0.0001, 0.0001, -0.0000, -0.0000, -0.0000, -0.0000, -0.0000, -0.0000, 0.0000, 0.0000, 0.0000, 0.0000, 0.0000, -0.0000, -0.0000, -0.0001, 0.0007]
    - [-0.0009, 0.0004, 0.0018, 0.0002, -0.0000, 0.0000, 0.0008, -0.0024, 0.0013, 0.0014, 0.0012, 0.0002, 1.0000, -0.0011, 0.0012, 0.0005, -0.0024, -0.0001, -0.0003, 0.0009, 0.0036, 0.0000, 0.0010, -0.0071, 0.0032, -0.0021, -0.0033, -0.0070, -0.0046, -0.0032, -0.0018, 0.0016, 0.0006, 0.0001, 0.0000, -0.0048, 0.0014, -0.0009, 0.0020, -0.0006, -0.0003, 0.0000, 0.0000, -0.0000, 0.0021, 0.0000, -0.0000, 0.0000, 0.0000, -0.0116, -0.0007, 0.0308, -0.0125, -0.0067, -0.0034, -0.0013, -0.0021, 0.0232, 0.0091, -0.0002, -0.0004, -0.0001, 0.0001, 0.0039, 0.0073, -0.0019, -0.0018, 0.0002, 0.0000, -0.0000, -0.0000, -0.0000, -0.0055, 0.0014, 0.0000, 0.0000, -0.0040, 0.0015, 0.0000, 0.0001, -0.0006, 0.0009, -0.0052, 0.0000, -0.0021, 0.0012, -0.0005, -0.0003, -0.0004, -0.0009, -0.0006, -0.0046, 0.0002, 0.0001, -0.0002, -0.0015, 0.0002, 0.0002, -0.0001, 0.0000, -0.0009, -0.0000, 0.0002, -0.0001, -0.0007, -0.0015, -0.0011, 0.0001, 0.0017, 0.0115, 0.0014, -0.0002, -0.0002, 0.0026, -0.0034, 0.0010, -0.0024, -0.0001, 0.0000, -0.0002, -0.0001, -0.0001, 0.0000, -0.0001, -0.0001, -0.0000, -0.0000, -0.0000, -0.0000, 0.0000, -0.0000, 0.0000, -0.0000, -0.0001]
    - [0.0008, -0.0002, -0.0003, 0.0004, -0.0000, -0.0000, 0.0007, 0.0004, -0.0013, -0.0009, -0.0015, 0.0012, -0.0011, 1.0000, -0.0004, -0.0006, -0.0013, -0.0003, 0.0002, 0.0008, 0.0015, -0.0000, 0.0027, 0.0016, 0.0024, 0.0013, 0.0048, 0.0002, 0.0016, 0.0026, 0.0026, 0.0012, -0.0018, 0.0010, -0.0000, 0.0040, 0.0026, 0.0027, -0.0002, 0.0008, 0.0009, 0.0000, 0.0000, 0.0000, -0.0007, 0.0000, -0.0000, 0.0000, -0.0000, 0.0089, -0.0000, -0.0126, 0.0079, 0.0016, 0.0006, 0.0011, 0.0029, -0.0086, -0.0030, 0.0016, 0.0003, 0.0001, 0.0002, 0.0004, -0.0015, 0.0001, 0.0004, -0.0000, 0.0001, -0.0000, 0.0000, -0.0000, 0.0011, -0.0005, 0.0000, 0.0000, 0.0009, -0.0003, -0.0001, -0.0000, 0.0001, -0.0003, 0.0001, -0.0000, 0.0001, -0.0005, -0.0004, 0.0001, 0.0001, -0.0000, 0.0001, -0.0002, -0.0001, -0.0000, 0.0001, -0.0006, 0.0000, 0.0000, -0.0003, -0.0000, 0.0003, 0.0003, -0.0001, -0.0004, -0.0001, -0.0006, 0.0002, 0.0010, 0.0021, -0.0032, -0.0005, -0.0004, -0.0004, -0.0014, 0.0009, -0.0004, 0.0009, -0.0000, -0.0000, 0.0000, 0.0001, 0.0001, 0.0000, 0.0001, 0.0000, -0.0000, -0.0000, -0.0000, -0.0000, -0.0000, -0.0000, -0.0000, -0.0000, 0.0002]
    - [-0.0007, 0.0001, 0.0015, 0.0002, -0.0000, 0.0000, -0.0001, -0.0017, 0.0010, 0.0006, 0.0011, -0.0005, 0.0012, -0.0004, 1.0000, 0.0005, -0.0005, 0.0000, -0.0002, 0.0003, 0.0008, 0.0000, 0.0003, -0.0047, 0.0009, -0.0020, -0.0035, -0.0044, -0.0037, -0.0025, -0.0014, 0.0003, 0.0011, -0.0014, 0.0000, -0.0045, -0.0004, -0.0012, 0.0009, -0.0006, -0.0005, 0.0000, 0.0000, -0.0000, 0.0020, 0.0000, 0.0000, 0.0000, 0.0000, -0.0081, -0.0007, 0.0274, -0.0147, -0.0046, -0.0019, -0.0005, -0.0024, 0.0201, 0.0083, -0.0013, -0.0004, 0.0000, 0.0001, 0.0028, 0.0061, -0.0004, -0.0007, 0.0001, 0.0000, -0.0000, -0.0000, -0.0000, -0.0040, 0.0010, -0.0000, 0.0000, -0.0035, 0.0010, 0.0001, 0.0001, -0.0004, 0.0009, -0.0039, 0.0000, -0.0007, -0.0003, 0.0004, -0.0003, -0.0002, -0.0007, -0.0004, -0.0026, 0.0003, -0.0002, 0.0001, 0.0009, 0.0001, 0.0001, 0.0003, 0.0000, -0.0008, 0.0000, 0.0004, 0.0003, -0.0002, -0.0010, -0.0016, -0.0008, 0.0003, 0.0086, 0.0018, 0.0006, 0.0004, 0.0024, -0.0025, 0.0005, -0.0024, -0.0000, 0.0000, -0.0001, -0.0001, -0.0001, -0.0000, -0.0001, -0.0001, 0.0000, 0.0000, -0.0000, -0.0000, -0.0000, -0.0000, -0.0000, -0.0001, -0.0009]
    - [-0.0003, 0.0001, -0.0011, -0.0023, -0.0000, -0.0000, 0.0002, -0.0028, 0.0002, 0.0002, 0.0006, 0.0005, 0.0005, -0.0006, 0.0005, 1.0000, -0.0017, -0.0001, -0.0001, 0.0007, -0.0040, 0.0000, 0.0021, -0.0069, 0.0030, -0.0019, 0.0021, -0.0019, -0.0021, -0.0020, 0.0002, 0.0001, -0.0003, -0.0038, 0.0000, -0.0021, -0.0001, -0.0005, 0.0012, -0.0003, 0.0008, 0.0000, 0.0000, -0.0003, -0.0031, 0.0000, -0.0000, 0.0000, -0.0000, -0.0032, -0.0086, 0.0140, -0.0149, -0.0074, -0.0066, -0.0023, -0.0280, -0.0034, 0.0092, 0.0002, -0.0001, 0.0002, 0.0004, 0.0068, 0.0078, -0.0032, 0.0034, 0.0001, 0.0000, -0.0000, -0.0000, 0.0000, 0.0008, -0.0004, -0.0000, 0.0000, -0.0046, 0.0003, -0.0003, -0.0000, -0.0003, -0.0019, -0.0002, 0.0000, -0.0034, -0.0010, 0.0009, -0.0011, 0.0001, -0.0025, -0.0018, -0.0178, -0.0027, 0.0003, 0.0005, -0.0008, 0.0000, -0.0004, 0.0001, 0.0000, -0.0014, 0.0003, 0.0001, -0.0004, -0.0010, -0.0014, -0.0022, 0.0005, 0.0023, -0.0018, 0.0016, 0.0016, 0.0019, 0.0009, 0.0012, 0.0005, -0.0005, -0.0001, -0.0000, -0.0001, 0.0000, 0.0000, 0.0001, 0.0000, 0.0003, -0.0007, -0.0007, -0.0006, -0.0004, -0.0001, -0.0000, 0.0002, 0.0002, 0.0026]
    - [0.0020, 0.0001, -0.0005, 0.0015, -0.0000, -0.0000, 0.0028, 0.0005, -0.0033, -0.0014, -0.0045, 0.0042, -0.0024, -0.0013, -0.0005, -0.0017, 1.0000, -0.0009, 0.0005, 0.0023, 0.0041, -0.0000, 0.0077, 0.0032, 0.0093, 0.0049, 0.0153, 0.0009, 0.0066, 0.0079, 0.0066, 0.0041, -0.0056, 0.0038, -0.0000, 0.0137, 0.0102, 0.0078, 0.0003, 0.0023, 0.0029, 0.0000, 0.0000, -0.0000, -0.0025, 0.0000, -0.0000, 0.0000, -0.0000, 0.0227, 0.0002, -0.0347, 0.0331, 0.0027, -0.0023, -0.0009, 0.0050, -0.0213, -0.0075, 0.0064, 0.0005, -0.0001, -0.0000, 0.0039, -0.0029, -0.0007, 0.0014, -0.0002, 0.0001, -0.0001, 0.0000, -0.0000, 0.0030, -0.0014, 0.0001, 0.0000, 0.0019, -0.0012, -0.0003, -0.0001, 0.0002, -0.0005, 0.0016, -0.0000, 0.0001, 0.0017, -0.0025, 0.0000, -0.0002, 0.0012, 0.0003, -0.0015, -0.0017, 0.0003, 0.0002, 0.0002, -0.0001, 0.0006, 0.0013, -0.0000, 0.0016, 0.0002, -0.0007, -0.0013, -0.0004, -0.0014, 0.0015, 0.0037, 0.0079, -0.0134, -0.0030, -0.0010, -0.0005, -0.0024, 0.0024, 0.0010, 0.0042, -0.0002, -0.0001, 0.0001, 0.0002, 0.0002, 0.0001, 0.0001, 0.0000, -0.0002, -0.0002, -0.0002, -0.0001, -0.0000, -0.0001, 0.0000, 0.0001, -0.0014]
    - [0.0002, -0.0000, 0.0002, 0.0002, -0.0000, -0.0000, 0.0004, -0.0002, -0.0004, -0.0002, -0.0005, 0.0005, -0.0001, -0.0003, 0.0000, -0.0001, -0.0009, 1.0000, 0.0000, 0.0004, 0.0009, 0.0000, 0.0011, -0.0003, 0.0013, 0.0002, 0.0015, -0.0008, 0.0001, 0.0006, 0.0008, 0.0007, -0.0007, 0.0004, 0.0000, 0.0010, 0.0012, 0.0009, 0.0001, 0.0003, 0.0004, 0.0000, 0.0000, 0.0000, 0.0000, 0.0000, -0.0000, 0.0000, -0.0000, 0.0021, -0.0000, -0.0010, 0.0032, -0.0006, -0.0009, -0.0005, 0.0007, -0.0004, -0.0002, 0.0007, -0.0001, -0.0001, -0.0001, 0.0002, 0.0001, -0.0004, -0.0002, 0.0000, 0.0000, -0.0000, 0.0000, -0.0000, -0.0003, 0.0001, 0.0000, 0.0000, 0.0000, 0.0001, 0.0000, 0.0000, -0.0000, 0.0001, -0.0004, 0.0000, -0.0002, 0.0005, -0.0004, -0.0000, -0.0000, 0.0001, 0.0000, -0.0003, -0.0002, -0.0000, 0.0000, 0.0001, 0.0000, 0.0002, 0.0000, 0.0000, 0.0002, -0.0000, -0.0002, -0.0002, -0.0001, -0.0002, 0.0002, 0.0005, 0.0011, -0.0002, -0.0001, -0.0000, -0.0000, -0.0001, 0.0000, -0.0000, 0.0001, -0.0000, -0.0000, -0.0000, -0.0000, 0.0000, 0.0000, 0.0000, 0.0000, -0.0000, -0.0000, -0.0000, -0.0000, -0.0000, -0.0000, 0.0000, 0.0000, -0.0002]
    - [0.0001, -0.0000, -0.0004, -0.0001, 0.0000, 0.0000, -0.0002, 0.0005, -0.0000, -0.0001, -0.0001, -0.0001, -0.0003, 0.0002, -0.0002, -0.0001, 0.0005, 0.0000, 1.0000, -0.0002, -0.0005, -0.0000, -0.0004, 0.0013, -0.0005, 0.0006, 0.0005, 0.0015, 0.0010, 0.0004, 0.0001, -0.0004, 0.0002, 0.0001, -0.0000, 0.0009, -0.0003, -0.0000, -0.0002, 0.0000, -0.0000, -0.0000, -0.0000, -0.0000, -0.0005, -0.0000, 0.0000, 0.0000, 0.0000, 0.0012, 0.0001, -0.0060, 0.0014, 0.0020, 0.0013, 0.0008, 0.0007, -0.0041, -0.0016, 0.0001, 0.0003, 0.0002, 0.0001, 0.0001, -0.0011, 0.0006, 0.0006, -0.0000, 0.0000, 0.0000, 0.0000, -0.0000, 0.0012, -0.0004, 0.0000, -0.0000, 0.0005, -0.0004, -0.0001, -0.0000, 0.0001, -0.0003, 0.0010, -0.0000, 0.0005, -0.0007, 0.0004, 0.0001, 0.0001, -0.0000, 0.0000, 0.0006, 0.0000, 0.0000, 0.0000, 0.0000, -0.0001, -0.0002, 0.0000, -0.0000, 0.0001, 0.0001, 0.0002, 0.0002, 0.0002, 0.0001, -0.0001, -0.0003, -0.0004, -0.0021, -0.0004, -0.0001, -0.0001, -0.0005, 0.0006, -0.0001, 0.0005, 0.0000, 0.0000, 0.0000, 0.0000, 0.0000, 0.0000, 0.0000, 0.0000, -0.0000, -0.0000, -0.0000, -0.0000, -0.0000, -0.0000, -0.0000, -0.0000, 0.0001]
    - [-0.0010, 0.0005, -0.0002, -0.0002, 0.0000, 0.0000, -0.0013, 0.0002, 0.0019, 0.0016, 0.0017, -0.0015, 0.0009, 0.0008, 0.0003, 0.0007, 0.0023, 0.0004, -0.0002, 1.0000, -0.0038, 0.0000, -0.0045, -0.0012, -0.0048, -0.0010, -0.0050, 0.0029, 0.0006, -0.0024, -0.0037, -0.0025, 0.0025, -0.0009, 0.0000, -0.0020, -0.0031, -0.0037, 0.0000, -0.0011, -0.0012, -0.0000, -0.0000, -0.0000, -0.0000, -0.0000, 0.0000, -0.0000, 0.0000, -0.0102, 0.0002, 0.0103, -0.0080, 0.0004, 0.0009, -0.0005, -0.0069, 0.0082, 0.0034, -0.0022, -0.0002, 0.0000, -0.0001, 0.0016, 0.0016, 0.0011, 0.0011, -0.0001, -0.0001, 0.0000, -0.0000, 0.0000, 0.0009, -0.0005, -0.0000, -0.0000, -0.0013, -0.0007, -0.0001, -0.0000, 0.0001, 0.0004, 0.0015, 0.0000, 0.0010, -0.0009, 0.0011, 0.0000, -0.0000, 0.0010, 0.0001, 0.0023, -0.0002, -0.0003, 0.0001, 0.0040, -0.0002, -0.0004, 0.0008, 0.0000, -0.0001, -0.0003, 0.0002, 0.0006, 0.0004, 0.0012, -0.0000, -0.0015, -0.0036, -0.0026, -0.0005, 0.0004, 0.0007, 0.0016, 0.0012, 0.0015, 0.0006, 0.0001, 0.0001, 0.0002, -0.0001, -0.0001, -0.0001, -0.0001, 0.0000, 0.0000, 0.0001, 0.0000, 0.0000, 0.0000, 0.0000, 0.0000, 0.0000, -0.0011]
    - [-0.0027, 0.0021, -0.0070, -0.0168, 0.0000, -0.0000, -0.0070, -0.0216, 0.0042, 0.0026, 0.0051, -0.0039, 0.0036, 0.0015, 0.0008, -0.0040, 0.0041, 0.0009, -0.0005, -0.0038, 1.0000, -0.0000, -0.0051, -0.0194, -0.0074, -0.0126, -0.0159, -0.0042, -0.0123, -0.0102, -0.0083, -0.0121, 0.0060, -0.0553, -0.0000, -0.0121, -0.0086, -0.0097, 0.0006, -0.0030, -0.0025, -0.0000, -0.0000, -0.0003, -0.0174, -0.0000, 0.0000, -0.0000, 0.0000, -0.0259, -0.0103, 0.1450, -0.0443, -0.0208, -0.0450, -0.0335, -0.0907, 0.0955, 0.0321, -0.0090, -0.0050, -0.0019, -0.0012, 0.0065, 0.0188, -0.0243, 0.0269, 0.0016, -0.0001, 0.0001, 0.0000, 0.0000, -0.0114, 0.0015, -0.0000, -0.0000, -0.0105, 0.0019, 0.0005, 0.0002, -0.0009, -0.0117, -0.0075, -0.0000, -0.0190, -0.0120, 0.0128, -0.0068, 0.0003, -0.0047, -0.0133, -0.1405, -0.0288, -0.0009, 0.0018, -0.0035, 0.0002, 0.0018, -0.0071, -0.0000, -0.0041, -0.0029, -0.0007, 0.0018, 0.0012, 0.0018, -0.0028, -0.0035, -0.0078, 0.0198, 0.0039, 0.0007, 0.0007, 0.0137, 0.0009, 0.0075, 0.0004, -0.0007, -0.0001, -0.0007, -0.0002, -0.0003, 0.0004, 0.0004, 0.0010, -0.0042, -0.0047, -0.0040, -0.0036, -0.0026, -0.0015, -0.0001, 0.0014, 0.0138]
    - [-0.0000, 0.0000, 0.0000, -0.0000, 0.0000, 0.0000, 0.0000, 0.0000, 0.0000, 0.0000, 0.0000, 0.0000, 0.0000, -0.0000, 0.0000, 0.0000, -0.0000, 0.0000, -0.0000, 0.0000, -0.0000, 1.0000, 0.0000, 0.0000, -0.0000, 0.0000, 0.0000, -0.0000, -0.0000, -0.0000, -0.0000, -0.0000, 0.0000, 0.0000, 0.0000, -0.0000, -0.0000, -0.0000, 0.0000, 0.0000, 0.0000, 0.0000, -0.0000, 0.0000, -0.0000, 0.0000, 0.0000, 0.0000, -0.0000, -0.0000, 0.0000, -0.0000, -0.0000, 0.0000, -0.0000, 0.0000, -0.0000, 0.0000, -0.0000, 0.0000, 0.0000, -0.0000, 0.0000, -0.0000, 0.0000, 0.0000, 0.0000, 0.0000, -0.0000, 0.0000, 0.0000, 0.0000, 0.0000, 0.0000, -0.0000, -0.0000, 0.0000, 0.0000, -0.0000, 0.0000, 0.0000, 0.0000, 0.0000, 0.0000, -0.0000, -0.0000, 0.0000, 0.0000, -0.0000, -0.0000, 0.0000, 0.0000, 0.0000, -0.0000, 0.0000, -0.0000, 0.0000, 0.0000, -0.0000, 0.0000, -0.0000, -0.0000, -0.0000, -0.0000, -0.0000, -0.0000, -0.0000, 0.0000, 0.0000, 0.0000, -0.0000, -0.0000, -0.0000, -0.0000, -0.0000, -0.0000, -0.0000, 0.0000, 0.0000, 0.0000, 0.0000, 0.0000, 0.0000, -0.0000, -0.0000, -0.0000, -0.0000, -0.0000, -0.0000, -0.0000, -0.0000, -0.0000, -0.0000, -0.0000]
    - [-0.0021, 0.0014, -0.0041, -0.0030, 0.0001, 0.0000, -0.0029, 0.0052, 0.0042, 0.0042, 0.0040, -0.0043, 0.0010, 0.0027, 0.0003, 0.0021, 0.0077, 0.0011, -0.0004, -0.0045, -0.0051, 0.0000, 1.0000, 0.0082, -0.0122, 0.0040, -0.0085, 0.0176, 0.0107, -0.0026, -0.0087, -0.0066, 0.0063, 0.0034, 0.0000, 0.0003, -0.0063, -0.0084, -0.0012, -0.0024, -0.0031, -0.0000, -0.0000, 0.0000, -0.0047, -0.0000, 0.0000, -0.0001, 0.0000, -0.0197, 0.0009, -0.0437, 0.0010, 0.0152, 0.0113, 0.0042, -0.0077, -0.0353, -0.0054, -0.0032, 0.0021, 0.0015, 0.0006, 0.0023, -0.0045, 0.0058, 0.0042, -0.0003, -0.0003, 0.0001, -0.0000, 0.0000, 0.0104, -0.0027, -0.0001, -0.0001, 0.0010, -0.0026, -0.0007, -0.0002, 0.0008, -0.0024, 0.0115, 0.0000, 0.0052, -0.0079, 0.0046, 0.0009, 0.0004, 0.0017, 0.0005, 0.0103, 0.0002, 0.0003, -0.0006, 0.0006, -0.0006, -0.0022, 0.0010, 0.0000, 0.0007, -0.0001, 0.0009, 0.0020, 0.0014, 0.0043, 0.0007, -0.0036, -0.0107, -0.0117, -0.0057, -0.0046, -0.0038, -0.0014, 0.0034, 0.0020, 0.0047, 0.0005, 0.0001, 0.0004, 0.0003, 0.0002, 0.0000, 0.0000, -0.0001, 0.0000, 0.0001, 0.0001, 0.0002, 0.0001, 0.0001, -0.0001, -0.0002, 0.0021]
    - [0.0043, -0.0004, 0.0006, 0.0021, 0.0000, -0.0000, -0.0010, 0.0006, -0.0074, -0.0079, -0.0046, 0.0023, -0.0071, 0.0016, -0.0047, -0.0069, 0.0032, -0.0003, 0.0013, -0.0012, -0.0194, 0.0000, 0.0082, 1.0000, -0.0035, -0.0028, 0.0150, 0.0111, 0.0041, 0.0092, 0.0120, -0.0026, -0.0052, -0.0093, 0.0000, 0.0146, -0.0002, 0.0076, -0.0064, 0.0037, 0.0038, 0.0000, -0.0000, -0.0008, -0.0019, 0.0000, -0.0000, 0.0000, -0.0000, 0.0510, -0.0157, -0.0089, -0.0003, -0.0115, -0.0058, -0.0049, -0.0482, -0.0271, -0.0059, -0.0004, -0.0026, -0.0010, -0.0004, -0.0026, -0.0067, 0.0038, -0.0010, -0.0005, -0.0001, -0.0000, -0.0000, -0.0000, 0.0084, -0.0027, 0.0000, 0.0000, 0.0031, -0.0027, -0.0001, -0.0002, 0.0007, 0.0015, 0.0094, 0.0000, 0.0057, -0.0024, 0.0010, 0.0015, 0.0051, 0.0061, 0.0016, 0.0129, -0.0027, -0.0014, -0.0005, 0.0105, -0.0007, -0.0034, 0.0030, 0.0000, -0.0084, -0.0007, -0.0014, -0.0015, -0.0002, 0.0006, -0.0005, 0.0019, 0.0026, -0.0139, -0.0022, -0.0002, -0.0002, -0.0030, 0.0021, 0.0049, 0.0106, -0.0021, -0.0015, -0.0004, 0.0002, 0.0014, 0.0015, 0.0022, 0.0011, 0.0000, -0.0001, -0.0002, -0.0001, -0.0000, 0.0002, 0.0005, 0.0008, -0.0066]
    - [-0.0030, 0.0014, -0.0009, -0.0025, 0.0001, 0.0000, -0.0039, -0.0005, 0.0041, 0.0029, 0.0065, -0.0059, 0.0032, 0.0024, 0.0009, 0.0030, 0.0093, 0.0013, -0.0005, -0.0048, -0.0074, -0.0000, -0.0122, -0.0035, 1.0000, -0.0050, -0.0236, 0.0059, -0.0013, -0.0079, -0.0112, -0.0074, 0.0075, -0.0061, -0.0000, -0.0118, -0.0079, -0.0100, -0.0020, -0.0031, -0.0050, -0.0000, -0.0000, -0.0000, 0.0019, -0.0000, 0.0000, -0.0001, 0.0000, -0.0292, 0.0059, 0.0395, -0.0375, -0.0090, -0.0072, -0.0138, -0.0389, 0.0052, 0.0182, -0.0063, -0.0004, 0.0010, 0.0010, 0.0079, 0.0124, -0.0072, 0.0001, -0.0001, -0.0003, 0.0001, -0.0000, 0.0000, -0.0014, 0.0017, -0.0001, -0.0001, -0.0085, 0.0009, 0.0001, 0.0000, 0.0001, 0.0008, 0.0032, -0.0000, -0.0010, -0.0043, 0.0045, 0.0031, 0.0080, 0.0078, 0.0005, -0.0035, 0.0002, -0.0010, -0.0022, -0.0015, -0.0008, -0.0051, 0.0075, -0.0000, -0.0145, -0.0009, -0.0004, 0.0004, 0.0003, 0.0046, 0.0019, -0.0035, -0.0126, 0.0169, 0.0004, -0.0007, -0.0002, 0.0036, -0.0121, 0.0054, 0.0008, -0.0031, -0.0021, -0.0015, -0.0003, 0.0009, 0.0020, 0.0038, 0.0020, 0.0010, 0.0012, 0.0011, 0.0011, 0.0005, -0.0009, -0.0017, -0.0022, -0.0047]
    - [0.0017, -0.0003, 0.0025, 0.0002, 0.0001, 0.0000, -0.0019, -0.0013, -0.0041, -0.0061, 0.0008, -0.0012, -0.0021, 0.0013, -0.0020, -0.0019, 0.0049, 0.0002, 0.0006, -0.0010, -0.0126, 0.0000, 0.0040, -0.0028, -0.0050, 1.0000, -0.0027, 0.0020, -0.0056, -0.0007, 0.0050, -0.0033, -0.0014, -0.0107, 0.0000, -0.0059, -0.0058, 0.0008, -0.0044, 0.0012, 0.0009, -0.0000, -0.0000, -0.0009, 0.0022, -0.0000, 0.0000, -0.0000, -0.0000, 0.0189, -0.0166, 0.0233, -0.0048, -0.0092, -0.0108, -0.0099, -0.0125, 0.0078, 0.0181, 0.0015, 0.0001, 0.0006, 0.0007, 0.0140, 0.0161, -0.0032, -0.0020, 0.0002, -0.0002, 0.0001, -0.0000, 0.0000, -0.0012, 0.0021, -0.0001, -0.0000, -0.0108, 0.0016, 0.0001, 0.0001, 0.0000, 0.0025, 0.0061, 0.0000, -0.0003, -0.0008, 0.0010, 0.0019, 0.0062, 0.0031, -0.0005, -0.0054, -0.0026, -0.0013, -0.0011, 0.0052, -0.0005, -0.0028, 0.0050, 0.0000, -0.0127, -0.0007, -0.0013, -0.0012, -0.0006, 0.0028, 0.0006, 0.0011, -0.0015, 0.0130, 0.0046, 0.0018, -0.0001, 0.0004, -0.0111, 0.0039, 0.0022, -0.0032, -0.0021, -0.0012, 0.0002, 0.0018, 0.0023, 0.0028, 0.0009, -0.0001, -0.0000, -0.0002, -0.0001, -0.0000, -0.0002, -0.0001, -0.0003, -0.0088]
    - [0.0012, -0.0016, -0.0047, -0.0032, 0.0001, 0.0000, -0.0060, 0.0058, -0.0019, -0.0046, 0.0020, -0.0065, -0.0033, 0.0048, -0.0035, 0.0021, 0.0153, 0.0015, 0.0005, -0.0050, -0.0159, 0.0000, -0.0085, 0.0150, -0.0236, -0.0027, 1.0000, 0.0162, 0.0034, -0.0004, -0.0010, -0.0104, 0.0042, -0.0091, 0.0000, -0.0067, -0.0174, -0.0052, -0.0076, -0.0005, -0.0034, -0.0000, -0.0000, -0.0000, -0.0025, -0.0000, 0.0000, -0.0001, 0.0000, 0.0121, 0.0039, -0.0486, -0.0143, 0.0124, 0.0097, 0.0033, -0.0064, -0.0565, 0.0024, -0.0056, 0.0019, 0.0021, 0.0016, 0.0021, 0.0013, 0.0027, 0.0028, -0.0004, -0.0004, 0.0002, -0.0000, 0.0000, 0.0103, -0.0007, -0.0002, -0.0001, -0.0027, -0.0013, -0.0002, -0.0000, 0.0016, -0.0017, 0.0150, 0.0000, 0.0038, -0.0047, 0.0037, 0.0025, 0.0071, 0.0017, -0.0002, -0.0013, -0.0007, -0.0011, -0.0013, -0.0041, -0.0008, -0.0058, 0.0043, 0.0000, -0.0150, 0.0008, 0.0005, 0.0014, 0.0007, 0.0055, 0.0010, -0.0041, -0.0134, -0.0034, 0.0053, 0.0028, -0.0019, -0.0072, -0.0023, -0.0020, 0.0021, -0.0038, -0.0019, -0.0001, 0.0013, 0.0023, 0.0020, 0.0021, 0.0009, 0.0006, 0.0004, -0.0000, -0.0001, -0.0001, -0.0004, -0.0005, -0.0005, 0.0019]
    - [0.0055, -0.0026, 0.0040, 0.0040, 0.0000, -0.0000, 0.0006, 0.0008, -0.0112, -0.0111, -0.0070, 0.0028, -0.0070, 0.0002, -0.0044, -0.0019, 0.0009, -0.0008, 0.0015, 0.0029, -0.0042, -0.0000, 0.0176, 0.0111, 0.0059, 0.0020, 0.0162, 1.0000, 0.0016, 0.0152, 0.0171, 0.0023, -0.0094, -0.0074, -0.0000, 0.0083, 0.0052, 0.0142, -0.0063, 0.0050, 0.0039, 0.0000, 0.0000, -0.0001, 0.0033, 0.0000, -0.0000, 0.0000, -0.0000, 0.0611, 0.0031, -0.0202, 0.0197, -0.0077, -0.0060, -0.0021, 0.0124, -0.0231, 0.0060, 0.0059, -0.0003, -0.0005, -0.0001, 0.0045, 0.0076, -0.0009, -0.0056, -0.0001, 0.0000, -0.0000, -0.0000, -0.0000, -0.0018, 0.0022, 0.0000, 0.0000, -0.0046, 0.0019, 0.0004, 0.0001, 0.0006, 0.0032, 0.0012, -0.0000, 0.0001, 0.0039, -0.0038, 0.0009, 0.0043, -0.0006, 0.0004, 0.0022, -0.0007, -0.0014, 0.0000, 0.0069, -0.0002, -0.0000, 0.0012, -0.0000, -0.0070, 0.0000, -0.0014, -0.0025, -0.0014, -0.0007, 0.0024, 0.0041, 0.0080, 0.0035, 0.0094, 0.0061, 0.0003, -0.0056, -0.0087, -0.0017, 0.0012, -0.0021, -0.0016, -0.0011, -0.0002, 0.0011, 0.0015, 0.0022, 0.0008, -0.0004, -0.0004, -0.0002, -0.0001, 0.0000, 0.0002, 0.0005, 0.0008, -0.0086]
    - [0.0034, -0.0025, 0.0041, 0.0018, 0.0000, -0.0000, -0.0023, 0.0002, -0.0078, -0.0112, -0.0010, -0.0016, -0.0046, 0.0016, -0.0037, -0.0021, 0.0066, 0.0001, 0.0010, 0.0006, -0.0123, -0.0000, 0.0107, 0.0041, -0.0013, -0.0056, 0.0034, 0.0016, 1.0000, 0.0036, 0.0120, -0.0018, -0.0036, -0.0114, -0.0000, -0.0093, -0.0088, 0.0044, -0.0065, 0.0027, 0.0023, -0.0000, -0.0000, -0.0009, 0.0048, -0.0000, -0.0000, -0.0000, -0.0000, 0.0385, -0.0176, 0.0105, -0.0024, -0.0081, -0.0070, -0.0066, 0.0086, -0.0023, 0.0148, -0.0012, -0.0019, -0.0013, -0.0010, -0.0015, 0.0100, -0.0010, -0.0054, 0.0001, -0.0001, 0.0000, -0.0000, 0.0000, -0.0013, 0.0030, -0.0000, -0.0000, -0.0067, 0.0035, 0.0007, 0.0003, 0.0001, 0.0031, 0.0041, -0.0000, 0.0009, 0.0021, -0.0008, 0.0010, 0.0052, 0.0014, -0.0000, 0.0027, -0.0011, -0.0011, -0.0005, 0.0024, -0.0003, -0.0007, 0.0021, -0.0000, -0.0092, -0.0012, -0.0010, -0.0003, 0.0003, 0.0017, -0.0014, 0.0004, -0.0002, 0.0157, 0.0096, 0.0061, 0.0023, -0.0019, -0.0112, -0.0022, -0.0023, -0.0022, -0.0018, -0.0013, -0.0002, 0.0010, 0.0014, 0.0021, 0.0013, -0.0002, -0.0003, -0.0002, 0.0001, 0.0003, 0.0003, 0.0003, 0.0002, -0.0029]
    - [0.0011, -0.0002, -0.0035, -0.0032, 0.0001, -0.0000, -0.0028, 0.0048, -0.0019, -0.0046, 0.0014, -0.0027, -0.0032, 0.0026, -0.0025, -0.0020, 0.0079, 0.0006, 0.0004, -0.0024, -0.0102, -0.0000, -0.0026, 0.0092, -0.0079, -0.0007, -0.0004, 0.0152, 0.0036, 1.0000, 0.0027, -0.0052, 0.0016, -0.0031, -0.0000, -0.0023, -0.0103, -0.0025, -0.0045, 0.0003, -0.0001, -0.0000, -0.0000, -0.0008, -0.0051, -0.0000, 0.0000, -0.0000, 0.0000, 0.0146, -0.0165, -0.0636, 0.0061, 0.0138, 0.0086, 0.0046, -0.0005, -0.0602, -0.0056, -0.0004, 0.0026, 0.0021, 0.0015, 0.0038, -0.0025, 0.0062, 0.0037, -0.0001, -0.0002, 0.0001, -0.0000, 0.0000, 0.0133, -0.0021, -0.0001, -0.0000, -0.0002, -0.0019, -0.0006, -0.0002, 0.0007, -0.0026, 0.0166, -0.0000, 0.0052, -0.0065, 0.0038, 0.0017, 0.0054, -0.0010, -0.0003, 0.0033, -0.0010, -0.0007, -0.0008, -0.0008, -0.0008, -0.0042, 0.0016, -0.0000, -0.0091, 0.0006, 0.0008, 0.0013, 0.0008, 0.0029, -0.0021, -0.0016, -0.0060, -0.0094, 0.0002, -0.0001, -0.0018, -0.0059, -0.0036, -0.0002, 0.0044, -0.0021, -0.0015, -0.0004, 0.0006, 0.0016, 0.0015, 0.0021, 0.0013, -0.0003, -0.0004, -0.0004, -0.0003, -0.0002, -0.0000, 0.0002, 0.0004, 0.0023]
    - [-0.0003, 0.0005, -0.0051, -0.0024, 0.0000, 0.0000, -0.0028, 0.0046, 0.0014, 0.0016, 0.0006, -0.0024, -0.0018, 0.0026, -0.0014, 0.0002, 0.0066, 0.0008, 0.0001, -0.0037, -0.0083, -0.0000, -0.0087, 0.0120, -0.0112, 0.0050, -0.0010, 0.0171, 0.0120, 0.0027, 1.0000, -0.0063, 0.0033, 0.0001, -0.0000, 0.0076, -0.0045, -0.0037, -0.0025, -0.0008, -0.0016, -0.0000, -0.0000, 0.0002, -0.0057, -0.0000, 0.0000, -0.0000, 0.0000, 0.0007, 0.0060, -0.0519, 0.0047, 0.0169, 0.0114, 0.0063, -0.0093, -0.0408, -0.0125, -0.0016, 0.0028, 0.0017, 0.0011, 0.0016, -0.0089, 0.0047, 0.0063, -0.0004, -0.0001, 0.0001, -0.0000, 0.0000, 0.0119, -0.0040, -0.0001, -0.0001, 0.0042, -0.0042, -0.0009, -0.0004, 0.0012, -0.0028, 0.0112, -0.0000, 0.0039, -0.0055, 0.0033, 0.0006, 0.0003, 0.0012, 0.0003, 0.0033, -0.0005, 0.0003, -0.0001, 0.0000, -0.0005, -0.0023, -0.0001, -0.0000, 0.0004, 0.0009, 0.0012, 0.0014, 0.0003, 0.0023, 0.0008, -0.0021, -0.0074, -0.0216, -0.0049, -0.0022, -0.0010, -0.0041, 0.0071, 0.0010, 0.0066, 0.0004, 0.0001, 0.0004, 0.0003, 0.0002, 0.0001, 0.0001, 0.0002, 0.0000, 0.0001, 0.0000, -0.0000, -0.0001, -0.0002, -0.0003, -0.0004, 0.0026]
